01000000000000000010000000000000000
11000000000000000010000000000000000
00000000000000000100000000000000000
10000000000000000100000000000000000
00000000000000000110000000000000000
10000000000000000110000000000000000
00100000000000001000000000000000000
10100000000000001000000000000000100
00000000000000001010000000000000100
10000000000000001010000000000000100
00000000000000001100000000000000100
10000000000000001100000000000000100
00000000000000001110000000000000100
10000000000000001110000000000000100
00100000000000010000000000000000100
10100000000000010000000000000001000
00100000000000010010000000000001000
10100000000000010010000000000001001
00000000000000010100000000000001001
10000000000000010100000000000001001
00000000000000010110000000000001001
10000000000000010110000000000001001
00100000000000011000000000000001001
10100000000000011000000000000001100